{
  "encode_cputime": 4705.2699999999895, 
  "decode_cputime": 4.940000000002328, 
  "psnr": 35.216, 
  "bitrate": 729, 
  "cliptime": 10.02
}