{
  "encode_cputime": 5431.179999999993, 
  "decode_cputime": 5.880000000004657, 
  "psnr": 35.841, 
  "bitrate": 797, 
  "cliptime": 10.016666666666667
}