{
  "encode_cputime": 22622.890000000007, 
  "decode_cputime": 27.979999999995925, 
  "psnr": 36.678, 
  "bitrate": 2701, 
  "cliptime": 10.02
}