{
  "encode_cputime": 4696.419999999984, 
  "decode_cputime": 5.690000000002328, 
  "psnr": 35.841, 
  "bitrate": 797, 
  "cliptime": 10.016666666666667
}