{
  "encode_cputime": 10681.919999999998, 
  "decode_cputime": 13.320000000006985, 
  "psnr": 38.191, 
  "bitrate": 950, 
  "cliptime": 10.0
}