{
  "encode_cputime": 4488.38, 
  "decode_cputime": 6.390000000000327, 
  "psnr": 35.841, 
  "bitrate": 797, 
  "cliptime": 10.016666666666667
}