{
  "encode_cputime": 3144.7999999999884, 
  "decode_cputime": 4.600000000034925, 
  "psnr": 33.734, 
  "bitrate": 867, 
  "cliptime": 10.0
}