{
  "encode_cputime": 5062.620000000024, 
  "decode_cputime": 4.899999999994179, 
  "psnr": 35.216, 
  "bitrate": 729, 
  "cliptime": 10.02
}