{
  "encode_cputime": 8457.23999999999, 
  "decode_cputime": 9.399999999965075, 
  "psnr": 40.325, 
  "bitrate": 277, 
  "cliptime": 10.0
}