{
  "encode_cputime": 9434.330000000016, 
  "decode_cputime": 11.869999999995343, 
  "psnr": 35.73, 
  "bitrate": 1132, 
  "cliptime": 10.0
}