{
  "encode_cputime": 8063.459999999963, 
  "decode_cputime": 7.369999999995343, 
  "psnr": 40.725, 
  "bitrate": 159, 
  "cliptime": 10.0
}